#    time[fs]         Re(autocorrel)     Im(autocorrel)     Abs(autocorrel)
     0.00000000       1.00000000000000   0.00000000000000   1.00000000000000
     10.0000000      -0.93222628419642   0.31566469308279   0.98422052579984
     20.0000000       0.78202477533035  -0.60292518678736   0.98746216641097
     30.0000000      -0.54500494550834   0.81040868209822   0.97662307091770
     40.0000000       0.25154133000021  -0.94448971059260   0.97741181398301
     50.0000000       0.05355786538723   0.97030862227465   0.97178560773731
     60.0000000      -0.36741554646591  -0.89850149327550   0.97072092652994
     70.0000000       0.63238290492941   0.73128209656540   0.96678934789542
     80.0000000      -0.83443761853557  -0.48512037013576   0.96520874050537
     90.0000000       0.94725461336610   0.19794071188558   0.96771474514194
     100.000000      -0.95612619741878   0.11279612804728   0.96275660054500
     110.000000       0.87446864359127  -0.40945745958072   0.96558315013813
     120.000000      -0.70245639398303   0.66709329180146   0.96874064920088
     130.000000       0.45495407510629  -0.86143510034340   0.97419384239455
     140.000000      -0.16160996730407   0.96459359351779   0.97803812920949
     150.000000      -0.15381034133389  -0.96195989302299   0.97417886288199
     160.000000       0.45708166812774   0.86213418192126   0.97580684511612
     170.000000      -0.70324154035431  -0.66870497531707   0.97042001632990
     180.000000       0.88528978323221   0.40806406219944   0.97480986820715
     190.000000      -0.96408229257054  -0.10614737582943   0.96990820815350
     200.000000       0.94394802421442  -0.21663969789712   0.96848883892550
     210.000000      -0.82417974318218   0.50410171848193   0.96612152012481
     220.000000       0.60997144239542  -0.74919923712550   0.96610799471249
     230.000000      -0.34831844567750   0.89829778273090   0.96346491687992
     240.000000       0.03746779428038  -0.95761992907828   0.95835263039036
     250.000000       0.26378301488477   0.92623416682662   0.96306345104500
     260.000000      -0.54325851814667  -0.78627423094788   0.95569711927556
     270.000000       0.76996068566070   0.58567979324216   0.96739871701139
     280.000000      -0.90599142614903  -0.30909050351709   0.95726558677308
     290.000000       0.96030523304803   0.00754214677431   0.96033485024620
     300.000000      -0.90896566357180   0.29222809711812   0.95478575518165
     310.000000       0.77264317095962  -0.57255676784894   0.96166455796195
     320.000000      -0.55509973752113   0.78239623412851   0.95931203775127
     330.000000       0.27347280721626  -0.92450459251160   0.96410378998414
     340.000000       0.03733081235922   0.96414743032239   0.96486986529203
     350.000000      -0.35136688687383  -0.90008188794973   0.96623293993041
     360.000000       0.62424785815520   0.74525415246860   0.97215695244289
     370.000000      -0.82931727658757  -0.50646244443468   0.97173625684615
     380.000000       0.94903145700953   0.21190145886019   0.97240060400059
     390.000000      -0.97120572464904   0.10030365594187   0.97637153941846
     400.000000       0.88623983452107  -0.41039073528333   0.97664814539236
     410.000000      -0.71419053653788   0.67181065810110   0.98050888971926
     420.000000       0.45827067185519  -0.85421572394881   0.96937944672043
     430.000000      -0.16216930112779   0.95792659090246   0.97155660451992
     440.000000      -0.14748035849740  -0.94950779599067   0.96089307979066
     450.000000       0.44373108146925   0.85980265978408   0.96755252386299
     460.000000      -0.68664230842817  -0.67465569076428   0.96262036172325
     470.000000       0.87227124150256   0.41453260296784   0.96576104584712
     480.000000      -0.95566239988708  -0.11993702009903   0.96315913085438
     490.000000       0.94753452101605  -0.20420564291374   0.96928923088773
     500.000000      -0.83988834692113   0.48884699312884   0.97179412325092
     510.000000       0.63629183565021  -0.73421909299533   0.97156830775505
     520.000000      -0.37718511674582   0.90642677603420   0.98177294350899
     530.000000       0.06025232853634  -0.97930339746832   0.98115518007451
     540.000000       0.25509442079435   0.95979548211645   0.99311657473408
     550.000000      -0.55022126597133  -0.82224358209848   0.98935734182814
     560.000000       0.78467198254706   0.60247380059557   0.98928499462915
     570.000000      -0.92829071334204  -0.31508543253872   0.98030733868271
     580.000000       0.98290437181301  -0.00045297916606   0.98290447619250
     590.000000      -0.92588108242455   0.31075073361526   0.97663800726476
     600.000000       0.77520148341831  -0.59018155247029   0.97429544018752
     610.000000      -0.54206851329419   0.80675129219746   0.97194954630744
     620.000000       0.24993336821620  -0.93421740367761   0.96707230643941
     630.000000       0.06323435538247   0.96656696149360   0.96863319928217
     640.000000      -0.36078182593121  -0.89557218385640   0.96551181371311
     650.000000       0.62937618483119   0.73123485324570   0.96478950690496
     660.000000      -0.82756473469032  -0.50074978919364   0.96727128639309
     670.000000       0.94791395067648   0.20785214404062   0.97043463029169
     680.000000      -0.97342242665110   0.09980272668868   0.97852532157416
     690.000000       0.88347322664384  -0.40248466480071   0.97083409890476
     700.000000      -0.71567406056430   0.66552820666968   0.97730095407584
     710.000000       0.45889417844004  -0.85248406342741   0.96814923715503
     720.000000      -0.16406695296722   0.96330746438671   0.97717922409305
     730.000000      -0.14640216270572  -0.95889392422961   0.97000574800842
     740.000000       0.45823113071046   0.86139694625688   0.97569486427513
     750.000000      -0.70113307861550  -0.66583087492682   0.96691175809102
     760.000000       0.88700826753978   0.39574815168890   0.97128794198688
     770.000000      -0.96340225380702  -0.09697488483489   0.96827063929935
     780.000000       0.93746084344821  -0.21878027788952   0.96265136108149
     790.000000      -0.82349839795524   0.50076615128970   0.96380306583469
     800.000000       0.61592964825529  -0.73878803245059   0.96186126260085
     810.000000      -0.35565700823591   0.89731612936751   0.96522958073735
     820.000000       0.05335812204774  -0.96196100393315   0.96343970349811
     830.000000       0.25200052429844   0.92715256261406   0.96078933102345
     840.000000      -0.52809744852159  -0.79528185995265   0.95465184853158
     850.000000       0.75347452034256   0.58856945328474   0.95610556642316
     860.000000      -0.90244236196240  -0.32335457870501   0.95862422264085
     870.000000       0.95677021242433   0.02078977759348   0.95699605758587
     880.000000      -0.91793784349823   0.28902516854374   0.96236450089242
     890.000000       0.77533811926655  -0.56949950811317   0.96201813336804
     900.000000      -0.55028965314997   0.79658063558887   0.96817323416787
     910.000000       0.27332882569801  -0.92962030086798   0.96896983995547
     920.000000       0.04529874115057   0.97022869286793   0.97128558746336
     930.000000      -0.34927584532886  -0.90832256845759   0.97316160245850
     940.000000       0.62800488102983   0.74596959109514   0.97512089580520
     950.000000      -0.83610345294267  -0.51552503697968   0.98226017315962
     960.000000       0.94902690670632   0.21346012815406   0.97273701274503
     970.000000      -0.97068330477508   0.09317388806957   0.97514483621003
     980.000000       0.87686943015744  -0.39778132938333   0.96287589208091
     990.000000      -0.71133982082007   0.65887521088108   0.96959831074415
     1000.00000       0.46514615560225  -0.83883869548314   0.95917219679857
