#    time[fs]         Re(autocorrel)     Im(autocorrel)     Abs(autocorrel)
     0.00000000       1.00000000000000   0.00000000000000   1.00000000000000
     10.0000000      -0.93388513394316   0.30969357356843   0.98389610879890
     20.0000000       0.78900980821193  -0.59364742007162   0.98739745635297
     30.0000000      -0.55995508255947   0.80106742915285   0.97737337826121
     40.0000000       0.27397943056708  -0.93771073962173   0.97691665948319
     50.0000000       0.02581117759776   0.97272811379408   0.97307050117367
     60.0000000      -0.33443000340470  -0.91149264074219   0.97090795717433
     70.0000000       0.60403824781271   0.75661100362193   0.96815412803047
     80.0000000      -0.81218174457574  -0.52606187859632   0.96766744614789
     90.0000000       0.93674128875526   0.24442696810487   0.96810577149183
     100.000000      -0.96513208885184   0.05803217405646   0.96687521540126
     110.000000       0.89585581793586  -0.35569806446044   0.96388731685318
     120.000000      -0.74751273122884   0.62133802535921   0.97202686439547
     130.000000       0.51409348600907  -0.82296738169119   0.97034397183917
     140.000000      -0.23335422395765   0.94965746983391   0.97790771745100
     150.000000      -0.07058567730797  -0.96675088401329   0.96932430567974
     160.000000       0.37998289724606   0.89299594251514   0.97047862189129
     170.000000      -0.62954508033685  -0.72919705965694   0.96335629960501
     180.000000       0.83007783355865   0.48951437561756   0.96366671297792
     190.000000      -0.93782997650770  -0.21098093180035   0.96126896258008
     200.000000       0.94960818803770  -0.09914808757314   0.95477015771213
     210.000000      -0.87447877835945   0.39248696529503   0.95851924953416
     220.000000       0.70135607086961  -0.64915548679821   0.95566897207447
     230.000000      -0.46922517432033   0.83418848425017   0.95710119186612
     240.000000       0.18580596594699  -0.93769879553113   0.95593037828182
     250.000000       0.11498847543556   0.95109052077961   0.95801645507779
     260.000000      -0.40512701039232  -0.87191192177458   0.96143553807942
     270.000000       0.65886384696915   0.70794612311957   0.96710355292648
     280.000000      -0.84933266632096  -0.46944814669167   0.97043677821491
     290.000000       0.94902520235117   0.18187255640161   0.96629522479920
     300.000000      -0.96106655554748   0.12944327737034   0.96974454690309
     310.000000       0.87373515084015  -0.42068291337382   0.96973564821468
     320.000000      -0.69458276200933   0.67694949900659   0.96989991106597
     330.000000       0.45315860440073  -0.86077879328322   0.97277584864579
     340.000000      -0.14819181503424   0.95900678079177   0.97038900429041
     350.000000      -0.16237573843501  -0.96173414708643   0.97534529788398
     360.000000       0.45914047194176   0.85851778836017   0.97358243919339
     370.000000      -0.70888834271120  -0.67549528942869   0.97919179350737
     380.000000       0.87783365334919   0.41511104918795   0.97103506945440
     390.000000      -0.97190851769342  -0.12109762682207   0.97942370912029
     400.000000       0.96013836247688  -0.18881894069314   0.97852862373272
     410.000000      -0.85638509129530   0.48138598888777   0.98240922984789
     420.000000       0.66517719067079  -0.72115021927580   0.98108018721724
     430.000000      -0.40002888181816   0.89191573575653   0.97751561930171
     440.000000       0.09959542566437  -0.97276865229902   0.97785382328287
     450.000000       0.20741700920246   0.95456634190276   0.97684119323466
     460.000000      -0.50210246600320  -0.83955406760927   0.97824225977299
     470.000000       0.73671955947492   0.64032027865227   0.97609721266185
     480.000000      -0.90395582551742  -0.36549141445513   0.97504877238387
     490.000000       0.97895236443148   0.06309297802078   0.98098341255167
     500.000000      -0.94185041864657   0.25171733029641   0.97490708556060
     510.000000       0.82032127949280  -0.53426868972867   0.97896375541339
     520.000000      -0.60541717812831   0.76000880275822   0.97167038641858
     530.000000       0.33581229402592  -0.91697623867500   0.97653229291893
     540.000000      -0.03775972798237   0.97226318691269   0.97299614679757
     550.000000      -0.27189606872637  -0.93563538175647   0.97434133638239
     560.000000       0.54230383974539   0.80006543217298   0.96653926477962
     570.000000      -0.76132496654898  -0.58457703534123   0.95986770699881
     580.000000       0.90731706232941   0.31960259199970   0.96196157324864
     590.000000      -0.95498099813909  -0.02312541695815   0.95526095477426
     600.000000       0.91609956885158  -0.27674110369807   0.95698696883817
     610.000000      -0.78478438733969   0.54864947392401   0.95755040590521
     620.000000       0.56498171203455  -0.77084440044894   0.95572246213897
     630.000000      -0.30179834917025   0.91605910263779   0.96449288389673
     640.000000      -0.00307102036104  -0.95930800540064   0.95931292099700
     650.000000       0.30391010986888   0.91658965896517   0.96565933838099
     660.000000      -0.56941491839973  -0.77283618245665   0.95995266248411
     670.000000       0.79387527302806   0.55937540241225   0.97115332978332
     680.000000      -0.92465352008699  -0.28853215985769   0.96862528331724
     690.000000       0.97021418307426  -0.01836574187920   0.97038799534682
     700.000000      -0.91351543584741   0.31607685352276   0.96665145159170
     710.000000       0.76167803506659  -0.58878742950388   0.96271702293285
     720.000000      -0.54305800907991   0.79432088793399   0.96221498337642
     730.000000       0.26865714241297  -0.92293518399308   0.96124191233104
     740.000000       0.03509971342093   0.96042053917468   0.96106170558961
     750.000000      -0.33450474910793  -0.90226517751474   0.96227640401886
     760.000000       0.60735765945597   0.75176022359972   0.96645059898917
     770.000000      -0.81828280672423  -0.52638771300989   0.97297007980116
     780.000000       0.93787264151312   0.24500259027919   0.96934584176253
     790.000000      -0.97619448005636   0.06416182797312   0.97830077331123
     800.000000       0.90547425339450  -0.36390236848432   0.97586298082714
     810.000000      -0.75114460279091   0.63835473239029   0.98575604419501
     820.000000       0.51962747050356  -0.83961758123830   0.98740588960487
     830.000000      -0.22087432971118   0.96165687691173   0.98669621385560
     840.000000      -0.08762554960158  -0.97897291694618   0.98288667152276
     850.000000       0.39879822519393   0.89637767207159   0.98108763900394
     860.000000      -0.65554959295284  -0.72817404353292   0.97978707201908
     870.000000       0.84873693384262   0.47947784989577   0.97480941286451
     880.000000      -0.95709927156969  -0.19075773091884   0.97592393532721
     890.000000       0.96511294006042  -0.12827975135947   0.97360088418248
     900.000000      -0.87802230077342   0.42690835122346   0.97630625369286
     910.000000       0.69868346261161  -0.68102993336500   0.97568455510277
     920.000000      -0.44872743557025   0.86330399491367   0.97295945396884
     930.000000       0.15593648349712  -0.95891591383734   0.97151218041564
     940.000000       0.14761428997082   0.96157411092178   0.97283850119051
     950.000000      -0.44585744735142  -0.87088145633474   0.97837793022249
     960.000000       0.68863154093512   0.69115453864039   0.97565772453965
     970.000000      -0.87262416942440  -0.43450751835547   0.97481779044653
     980.000000       0.96236874252039   0.13983708178200   0.97247519558165
     990.000000      -0.94995940790602   0.17415524094692   0.96579134631577
     1000.00000       0.85313770812494  -0.45795497686475   0.96828028476256
