#    time[fs]         Re(autocorrel)     Im(autocorrel)     Abs(autocorrel)
     0.00000000       1.00000000000000   0.00000000000000   1.00000000000000
     10.0000000      -0.94828454004351   0.27273953424931   0.98672712663029
     20.0000000       0.83605619319255  -0.53134281857608   0.99061352152492
     30.0000000      -0.65375834638703   0.73268976618791   0.98195431102837
     40.0000000       0.41915456931140  -0.88777993940289   0.98175545518262
     50.0000000      -0.16150318184824   0.96723405845481   0.98062480163519
     60.0000000      -0.11956183642510  -0.97326770248462   0.98058403690302
     70.0000000       0.38377344832776   0.90043430551920   0.97880743672963
     80.0000000      -0.62434307118197  -0.75511098994295   0.97979430375235
     90.0000000       0.80896012497138   0.55402979570356   0.98049247744235
     100.000000      -0.93047897164223  -0.30722649682762   0.97988735935379
     110.000000       0.98156377980103   0.04210238081713   0.98246631712632
     120.000000      -0.95441624044591   0.23070083200193   0.98190286378709
     130.000000       0.85315354234852  -0.48479550704834   0.98127348403801
     140.000000      -0.68352115565061   0.70614361424376   0.98277157781409
     150.000000       0.46161251744704  -0.86256370486313   0.97831603340178
     160.000000      -0.19732734561131   0.95385280610083   0.97404992532849
     170.000000      -0.06977693836981  -0.96943285780187   0.97194078364588
     180.000000       0.34035875702777   0.90244939349714   0.96449934749010
     190.000000      -0.57976055568455  -0.77989606406047   0.97178195736733
     200.000000       0.77097047919473   0.58401513069898   0.96719654294001
     210.000000      -0.90919287291433  -0.34849653738304   0.97369477595712
     220.000000       0.96372325510206   0.08391986215775   0.96737017510831
     230.000000      -0.95201125401390   0.18926229366446   0.97064187194467
     240.000000       0.86005010821703  -0.43730145131905   0.96484130714324
     250.000000      -0.70768781830171   0.65989133272566   0.96761491264815
     260.000000       0.50322074702693  -0.82327455929597   0.96488969329261
     270.000000      -0.25076737136464   0.92959895798171   0.96282838409646
     280.000000      -0.01296051724540  -0.96380311269243   0.96389025051760
     290.000000       0.28462223382411   0.91643816741671   0.95961905498230
     300.000000      -0.52839845878508  -0.80323150027952   0.96144982931390
     310.000000       0.72884802947157   0.62453289271368   0.95982330881569
     320.000000      -0.87312224795394  -0.39729076914200   0.95926139040284
     330.000000       0.95221974163433   0.13968293942939   0.96241039059530
     340.000000      -0.95676150549661   0.12793887806300   0.96527764654537
     350.000000       0.88348732036863  -0.39189136824769   0.96650333147857
     360.000000      -0.74673465333198   0.61654967285130   0.96837293517522
     370.000000       0.54107215555910  -0.79446805246348   0.96121723034207
     380.000000      -0.30439398351940   0.91300888069123   0.96241410703702
     390.000000       0.04181720210723  -0.95576476460468   0.95667913307019
     400.000000       0.22487586304315   0.93522323949283   0.96187923434642
     410.000000      -0.47082213920449  -0.83335050028011   0.95715544353161
     420.000000       0.69058035993809   0.67296637421101   0.96425358404878
     430.000000      -0.84583472756590  -0.45235079673749   0.95919634573195
     440.000000       0.94612770096216   0.19520086048994   0.96605434757261
     450.000000      -0.96384129059693   0.06752429788209   0.96620368673692
     460.000000       0.90846621094111  -0.33793563326515   0.96928393603320
     470.000000      -0.78866610764926   0.57137015463698   0.97388812651378
     480.000000       0.59561251000542  -0.76917111389387   0.97281985204029
     490.000000      -0.36206603262455   0.90736172255229   0.97693249896477
     500.000000       0.09550178203677  -0.97047786416626   0.97516556297324
     510.000000       0.17532535590022   0.95773754696236   0.97365301277355
     520.000000      -0.43346877840076  -0.86742743880682   0.96970384316203
     530.000000       0.65435140299166   0.71458043178064   0.96891741241499
     540.000000      -0.82945947544822  -0.50069544345411   0.96886477307545
     550.000000       0.94114745137076   0.25411866219177   0.97485117822969
     560.000000      -0.97504159024085   0.02045503510074   0.97525612592815
     570.000000       0.93570934426727  -0.29046238170012   0.97975526134438
     580.000000      -0.81493967521689   0.53986021216817   0.97753553537704
     590.000000       0.64103868090018  -0.74652326818892   0.98398555901889
     600.000000      -0.40684226299879   0.89205298088484   0.98044844212611
     610.000000       0.14868385343085  -0.97851388119477   0.98974557536869
     620.000000       0.12480565482826   0.97455537221828   0.98251444009573
     630.000000      -0.39951897315951  -0.90398439835803   0.98833354814514
     640.000000       0.62818311905666   0.75496455116750   0.98213313994962
     650.000000      -0.81950007490428  -0.54300777480315   0.98307569203230
     660.000000       0.93598088916081   0.29729854538142   0.98206244707767
     670.000000      -0.97939047097368  -0.02176557688585   0.97963229579839
     680.000000       0.94971390751036  -0.25138218670539   0.98242023081336
     690.000000      -0.84114421329189   0.50936030987289   0.98334709682199
     700.000000       0.67095789782291  -0.72405927823501   0.98714048597407
     710.000000      -0.44192744173003   0.88310233991478   0.98750676277027
     720.000000       0.18375256947139  -0.96917831353276   0.98644392147224
     730.000000       0.09168317748948   0.97899513799584   0.98327884409971
     740.000000      -0.35811568510291  -0.91582107825168   0.98334891635003
     750.000000       0.59749649845372   0.77966555928580   0.98228328398731
     760.000000      -0.79050100313227  -0.58502584572731   0.98343636099245
     770.000000       0.92192668047285   0.33536769807112   0.98103022230572
     780.000000      -0.97906775274411  -0.06671064216513   0.98133784918420
     790.000000       0.95234843028316  -0.21471381697768   0.97625281349860
     800.000000      -0.86025993946601   0.47371761719759   0.98206697546217
     810.000000       0.69243975917461  -0.68858153979352   0.97653333636400
     820.000000      -0.47547562321567   0.86110787665784   0.98365839777562
     830.000000       0.22239679085416  -0.95311115004524   0.97871405268484
     840.000000       0.05651309312991   0.97901208097870   0.98064182268418
     850.000000      -0.32057287741345  -0.92504827960530   0.97902057656306
     860.000000       0.56417105666899   0.79489980605505   0.97475878187856
     870.000000      -0.75598965698847  -0.61078801899571   0.97189627307766
     880.000000       0.89164374873290   0.37137889162040   0.96589381186321
     890.000000      -0.96113841473743  -0.11264611897354   0.96771700429608
     900.000000       0.95114929261475  -0.16199784902049   0.96484624678174
     910.000000      -0.87343005760453   0.42317127738856   0.97054314460188
     920.000000       0.71916121063444  -0.64617960249134   0.96682000680429
     930.000000      -0.51026800274180   0.82309800149676   0.96843366044870
     940.000000       0.26373198778664  -0.93238248078218   0.96896421598087
     950.000000       0.00222188922711   0.96860192461160   0.96860447301932
     960.000000      -0.27104252308172  -0.93239927439153   0.97099560050721
     970.000000       0.51406286690080   0.82481279589904   0.97189339919821
     980.000000      -0.71932659326610  -0.64318594694082   0.96494502958561
     990.000000       0.87172747553210   0.42011891726313   0.96768212561766
     1000.00000      -0.94387058951848  -0.15963996522116   0.95727561770567
