#    time[fs]         Re(autocorrel)     Im(autocorrel)     Abs(autocorrel)
     0.00000000       1.00000000000000   0.00000000000000   1.00000000000000
     10.0000000      -0.93222660522586   0.31566383886789   0.98422055590185
     20.0000000       0.78202575414502  -0.60292372407036   0.98746204848235
     30.0000000      -0.54500720423045   0.81040718136934   0.97662308608699
     40.0000000       0.25154468529919  -0.94448865004885   0.97741165266911
     50.0000000       0.05355338120876   0.97030893627303   0.97178567413303
     60.0000000      -0.36741065204206  -0.89850339508400   0.97072083433469
     70.0000000       0.63237837013974   0.73128616996025   0.96678946280756
     80.0000000      -0.83443411911313  -0.48512621016882   0.96520865046521
     90.0000000       0.94725318032832   0.19794833103772   0.96771490088907
     100.000000      -0.95612699815027   0.11278770163865   0.96275640856490
     110.000000       0.87447272983312  -0.40944879445699   0.96558317637792
     120.000000      -0.70246332724491   0.66708560272761   0.96874038188281
     130.000000       0.45496428526121  -0.86142976650994   0.97419389419798
     140.000000      -0.16162201330144   0.96459123291446   0.97803779160064
     150.000000      -0.15379718565667  -0.96196211575107   0.97417898070949
     160.000000       0.45706903051370   0.86214018170622   0.97580622644414
     170.000000      -0.70323122915523  -0.66871591082496   0.97042007968180
     180.000000       0.88528240952027   0.40807819869273   0.97480908943973
     190.000000      -0.96408068105737  -0.10616409790496   0.96990843654028
     200.000000       0.94395135900405  -0.21662216356701   0.96848816715231
     210.000000      -0.82418971086734   0.50408640395549   0.96612203274346
     220.000000       0.60998630737273  -0.74918657560527   0.96610756142852
     230.000000      -0.34833694107325   0.89829122229745   0.96346548696511
     240.000000       0.03748897064823  -0.95761870326726   0.95835223366335
     250.000000       0.26376263802237   0.92624030212052   0.96306377072800
     260.000000      -0.54323929714967  -0.78628702274649   0.95569671763965
     270.000000       0.76994679816254   0.58569838651962   0.96739892080385
     280.000000      -0.90598319019368  -0.30911402469884   0.95726538701607
     290.000000       0.96030506797753   0.00756677672701   0.96033487893201
     300.000000      -0.90897345780831   0.29220284493185   0.95478544688650
     310.000000       0.77265850284696  -0.57253550939011   0.96166421974320
     320.000000      -0.55512255598042   0.78237941234371   0.95931152240423
     330.000000       0.27349978929254  -0.92449611349887   0.96410331324894
     340.000000       0.03730036922894   0.96414826871436   0.96486952569221
     350.000000      -0.35133860720140  -0.90009253390481   0.96623257371162
     360.000000       0.62422296460476   0.74527512738037   0.97215704751433
     370.000000      -0.82930040712514  -0.50648978333007   0.97173610917557
     380.000000       0.94902423031281   0.21193519167253   0.97240090250374
     390.000000      -0.97120911613166   0.10026969460170   0.97637142467032
     400.000000       0.88625554337779  -0.41035793510104   0.97664861801379
     410.000000      -0.71421500410161   0.67178425833807   0.98050862404912
     420.000000       0.45830432648264  -0.85419844849337   0.96938013445768
     430.000000      -0.16220587298752   0.95791979320265   0.97155600736193
     440.000000      -0.14744192389937  -0.94951448221101   0.96089378853835
     450.000000       0.44369632841006   0.85981954206796   0.96755158868482
     460.000000      -0.68661465444962  -0.67468518138165   0.96262130543686
     470.000000       0.87225277819905   0.41456855161575   0.96575980091571
     480.000000      -0.95565826193233  -0.11997862502092   0.96316020685109
     490.000000       0.94754209629912  -0.20416378125116   0.96928781785066
     500.000000      -0.83991117290263   0.48880980267539   0.97179514382313
     510.000000       0.63632488095337  -0.73418839835253   0.97156675447227
     520.000000      -0.37722801199237   0.90640978216432   0.98177373474487
     530.000000       0.06030021595327  -0.97929902597251   0.98115375875278
     540.000000       0.25504757654602   0.95980882256095   0.99311743624197
     550.000000      -0.55017883128331  -0.82227101605737   0.98935654353740
     560.000000       0.78464222694535   0.60251395665307   0.98928584962462
     570.000000      -0.92827330469684  -0.31513403851430   0.98030647781351
     580.000000       0.98290500064977  -0.00040189637459   0.98290508281473
     590.000000      -0.92589710073026   0.31070013563248   0.97663709504746
     600.000000       0.77523385782101  -0.59014035943296   0.97429624762888
     610.000000      -0.54211363384694   0.80672049499760   0.97194914941673
     620.000000       0.24998503524952  -0.93420475399582   0.96707344097390
     630.000000       0.06317856624378   0.96657055570915   0.96863314541498
     640.000000      -0.36073199249425  -0.89559331631106   0.96551279568420
     650.000000       0.62933225965040   0.73127201964014   0.96478902343737
     660.000000      -0.82753579023644  -0.50079794266041   0.96727145284824
     670.000000       0.94790036157807   0.20791090643300   0.97043394442570
     680.000000      -0.97342818063265   0.09974399465196   0.97852505707259
     690.000000       0.88349900845248  -0.40242762518543   0.97083391548137
     700.000000      -0.71571477973639   0.66548346353939   0.97730030501248
     710.000000       0.45895042360042  -0.85245354050948   0.96814902264587
     720.000000      -0.16412801218826   0.96329571181536   0.97717789208861
     730.000000      -0.14633698576376  -0.95890401833447   0.97000589162150
     740.000000       0.45817367159979   0.86142590727162   0.97569344933025
     750.000000      -0.70108743023181  -0.66588074592661   0.96691300158019
     760.000000       0.88698048450651   0.39580788597053   0.97128691049137
     770.000000      -0.96339758794035  -0.09704331730654   0.96827285301362
     780.000000       0.93747507642243  -0.21871460979963   0.96265029966912
     790.000000      -0.82353640773385   0.50070796946205   0.96380531516795
     800.000000       0.61598202539999  -0.73874262431846   0.96185992774458
     810.000000      -0.35572368380266   0.89729157079247   0.96523132058246
     820.000000       0.05342940456426  -0.96195575807073   0.96343841617279
     830.000000       0.25193139737258   0.92717273989260   0.96079067365480
     840.000000      -0.52803603171680  -0.79532040999863   0.95464999101850
     850.000000       0.75343015451638   0.58862753923982   0.95610636316578
     860.000000      -0.90241510380947  -0.32342365099849   0.95862186372346
     870.000000       0.95676903685792   0.02086486926344   0.95699651653463
     880.000000      -0.91795864509534   0.28895109970433   0.96236210031651
     890.000000       0.77538468128694  -0.56943775467760   0.96201910606117
     900.000000      -0.55035389625091   0.79653344699800   0.96817092669893
     910.000000       0.27340550704199  -0.92959966903675   0.96897167964503
     920.000000       0.04521616489670   0.97023044790731   0.97128349291768
     930.000000      -0.34920037107749  -0.90835347895102   0.97316336854768
     940.000000       0.62793820172766   0.74602364508585   0.97511930768298
     950.000000      -0.83606106508592  -0.51559721908398   0.98226197975883
     960.000000       0.94900708576122   0.21354544250730   0.97273640049124
     970.000000      -0.97069276675080   0.09309055526280   0.97514629615327
     980.000000       0.87690530729633  -0.39770112710907   0.96287543559294
     990.000000      -0.71139718922371   0.65881362296427   0.96959855127713
     1000.00000       0.46522384888367  -0.83879529705004   0.95917192406961
