#    Start: ------ Host: "nia0239" ----------Mon Apr 21 15:03:36 2025

#    Time[fs]   CPU-time[s]     Delta-CPU    Real time        RealT[s]     [h]
#        0.00           1.9                  Apr 21 15:03:38         0     0.00
         5.00           2.0         0.120    Apr 21 15:03:38         0     0.00
        10.00           2.2         0.110    Apr 21 15:03:38         0     0.00
        15.00           2.3         0.110    Apr 21 15:03:38         0     0.00
        20.00           2.4         0.110    Apr 21 15:03:38         0     0.00
        25.00           2.5         0.110    Apr 21 15:03:38         0     0.00
        30.00           2.6         0.120    Apr 21 15:03:38         0     0.00
        35.00           2.7         0.110    Apr 21 15:03:38         0     0.00
        40.00           2.8         0.110    Apr 21 15:03:38         0     0.00
        45.00           3.0         0.120    Apr 21 15:03:38         0     0.00
        50.00           3.0         0.100    Apr 21 15:03:39         1     0.00
        55.00           3.2         0.120    Apr 21 15:03:39         1     0.00
        60.00           3.3         0.100    Apr 21 15:03:39         1     0.00
        65.00           3.4         0.120    Apr 21 15:03:39         1     0.00
        70.00           3.5         0.110    Apr 21 15:03:39         1     0.00
        75.00           3.6         0.110    Apr 21 15:03:39         1     0.00
        80.00           3.7         0.120    Apr 21 15:03:39         1     0.00
        85.00           3.9         0.120    Apr 21 15:03:39         1     0.00
        90.00           4.0         0.110    Apr 21 15:03:39         1     0.00
        95.00           4.1         0.110    Apr 21 15:03:39         1     0.00
       100.00           4.2         0.110    Apr 21 15:03:39         1     0.00
       105.00           4.3         0.120    Apr 21 15:03:39         1     0.00
       110.00           4.4         0.110    Apr 21 15:03:39         1     0.00
       115.00           4.5         0.110    Apr 21 15:03:39         1     0.00
       120.00           4.6         0.110    Apr 21 15:03:40         2     0.00
       125.00           4.7         0.110    Apr 21 15:03:40         2     0.00
       130.00           4.9         0.120    Apr 21 15:03:40         2     0.00
       135.00           5.0         0.110    Apr 21 15:03:40         2     0.00
       140.00           5.1         0.110    Apr 21 15:03:40         2     0.00
       145.00           5.2         0.120    Apr 21 15:03:40         2     0.00
       150.00           5.3         0.100    Apr 21 15:03:40         2     0.00
       155.00           5.4         0.110    Apr 21 15:03:40         2     0.00
       160.00           5.5         0.120    Apr 21 15:03:40         2     0.00
       165.00           5.6         0.120    Apr 21 15:03:40         2     0.00
       170.00           5.8         0.100    Apr 21 15:03:40         2     0.00
       175.00           5.9         0.110    Apr 21 15:03:40         2     0.00
       180.00           6.0         0.120    Apr 21 15:03:40         2     0.00
       185.00           6.1         0.120    Apr 21 15:03:41         3     0.00
       190.00           6.2         0.110    Apr 21 15:03:41         3     0.00
       195.00           6.3         0.120    Apr 21 15:03:41         3     0.00
       200.00           6.4         0.110    Apr 21 15:03:41         3     0.00
       205.00           6.5         0.110    Apr 21 15:03:41         3     0.00
       210.00           6.7         0.110    Apr 21 15:03:41         3     0.00
       215.00           6.8         0.110    Apr 21 15:03:41         3     0.00
       220.00           6.9         0.120    Apr 21 15:03:41         3     0.00
       225.00           7.0         0.110    Apr 21 15:03:41         3     0.00
       230.00           7.1         0.110    Apr 21 15:03:41         3     0.00
       235.00           7.2         0.110    Apr 21 15:03:41         3     0.00
       240.00           7.3         0.120    Apr 21 15:03:41         3     0.00
       245.00           7.5         0.110    Apr 21 15:03:41         3     0.00
       250.00           7.6         0.110    Apr 21 15:03:41         3     0.00
       255.00           7.7         0.120    Apr 21 15:03:42         4     0.00
       260.00           7.8         0.110    Apr 21 15:03:42         4     0.00
       265.00           7.9         0.110    Apr 21 15:03:42         4     0.00
       270.00           8.0         0.110    Apr 21 15:03:42         4     0.00
       275.00           8.1         0.110    Apr 21 15:03:42         4     0.00
       280.00           8.2         0.110    Apr 21 15:03:42         4     0.00
       285.00           8.3         0.120    Apr 21 15:03:42         4     0.00
       290.00           8.5         0.110    Apr 21 15:03:42         4     0.00
       295.00           8.6         0.110    Apr 21 15:03:42         4     0.00
       300.00           8.7         0.110    Apr 21 15:03:42         4     0.00
       305.00           8.8         0.120    Apr 21 15:03:42         4     0.00
       310.00           8.9         0.100    Apr 21 15:03:42         4     0.00
       315.00           9.0         0.110    Apr 21 15:03:42         4     0.00
       320.00           9.1         0.120    Apr 21 15:03:42         4     0.00
       325.00           9.2         0.110    Apr 21 15:03:43         5     0.00
       330.00           9.3         0.110    Apr 21 15:03:43         5     0.00
       335.00           9.5         0.110    Apr 21 15:03:43         5     0.00
       340.00           9.6         0.120    Apr 21 15:03:43         5     0.00
       345.00           9.7         0.110    Apr 21 15:03:43         5     0.00
       350.00           9.8         0.110    Apr 21 15:03:43         5     0.00
       355.00           9.9         0.110    Apr 21 15:03:43         5     0.00
       360.00          10.0         0.110    Apr 21 15:03:43         5     0.00
       365.00          10.1         0.120    Apr 21 15:03:43         5     0.00
       370.00          10.2         0.110    Apr 21 15:03:43         5     0.00
       375.00          10.4         0.110    Apr 21 15:03:43         5     0.00
       380.00          10.5         0.120    Apr 21 15:03:43         5     0.00
       385.00          10.6         0.110    Apr 21 15:03:43         5     0.00
       390.00          10.7         0.110    Apr 21 15:03:43         5     0.00
       395.00          10.8         0.110    Apr 21 15:03:44         6     0.00
       400.00          10.9         0.120    Apr 21 15:03:44         6     0.00
       405.00          11.0         0.100    Apr 21 15:03:44         6     0.00
       410.00          11.1         0.120    Apr 21 15:03:44         6     0.00
       415.00          11.3         0.110    Apr 21 15:03:44         6     0.00
       420.00          11.4         0.110    Apr 21 15:03:44         6     0.00
       425.00          11.5         0.110    Apr 21 15:03:44         6     0.00
       430.00          11.6         0.120    Apr 21 15:03:44         6     0.00
       435.00          11.7         0.110    Apr 21 15:03:44         6     0.00
       440.00          11.8         0.110    Apr 21 15:03:44         6     0.00
       445.00          11.9         0.110    Apr 21 15:03:44         6     0.00
       450.00          12.0         0.110    Apr 21 15:03:44         6     0.00
       455.00          12.2         0.120    Apr 21 15:03:44         6     0.00
       460.00          12.3         0.110    Apr 21 15:03:44         6     0.00
       465.00          12.4         0.110    Apr 21 15:03:45         7     0.00
       470.00          12.5         0.110    Apr 21 15:03:45         7     0.00
       475.00          12.6         0.120    Apr 21 15:03:45         7     0.00
       480.00          12.7         0.100    Apr 21 15:03:45         7     0.00
       485.00          12.8         0.110    Apr 21 15:03:45         7     0.00
       490.00          12.9         0.120    Apr 21 15:03:45         7     0.00
       495.00          13.1         0.120    Apr 21 15:03:45         7     0.00
       500.00          13.2         0.100    Apr 21 15:03:45         7     0.00
