#    time[fs]         Re(autocorrel)     Im(autocorrel)     Abs(autocorrel)
     0.00000000       1.00000000000000   0.00000000000000   1.00000000000000
     10.0000000      -0.96751295997802   0.17476717841881   0.98317083682232
     20.0000000       0.92066807462888  -0.35405058911782   0.98639825795443
     30.0000000      -0.83867952672672   0.50618485688006   0.97959504790767
     40.0000000       0.72630036346253  -0.65219182525970   0.97614875654348
     50.0000000      -0.60319228764367   0.77867813024359   0.98497744461102
     60.0000000       0.44907024573471  -0.87132900663652   0.98024401217780
     70.0000000      -0.28318625189784   0.94363461254896   0.98521101052737
     80.0000000       0.10659342688750  -0.97177276388944   0.97760138261612
     90.0000000       0.07412148779227   0.97781514855598   0.98062044629821
     100.000000      -0.24362852750145  -0.94474027566404   0.97564801433422
     110.000000       0.41407961900510   0.88662163952657   0.97854987739624
     120.000000      -0.56414784431139  -0.79717399630509   0.97660082460861
     130.000000       0.69896167185647   0.67345096088887   0.97060991930153
     140.000000      -0.81516995342300  -0.52860993881115   0.97156086807445
     150.000000       0.89237851572966   0.37074466918182   0.96632863202049
     160.000000      -0.94919989879046  -0.19771287182387   0.96957249731449
     170.000000       0.97018287454983   0.02841061953191   0.97059877053907
     180.000000      -0.95859516902884   0.14447634052064   0.96942153424384
     190.000000       0.91194135317265  -0.32201525010848   0.96712504513573
     200.000000      -0.84022660726004   0.48159405486584   0.96845938749637
     210.000000       0.72749115346731  -0.62843131617813   0.96133724442912
     220.000000      -0.60253997085909   0.75482650184879   0.96582475862661
     230.000000       0.45525209839513  -0.84665688776675   0.96129202571126
     240.000000      -0.28840033274673   0.91804497654241   0.96227923747901
     250.000000       0.11739884412940  -0.95977765793758   0.96693104267009
     260.000000       0.06622268548378   0.96283492973899   0.96510960310121
     270.000000      -0.24146027603804  -0.94201111819610   0.97246491541312
     280.000000       0.40635060232792   0.87425267639239   0.96407393606067
     290.000000      -0.55847517539803  -0.79119581878159   0.96844480751013
     300.000000       0.68577997309637   0.66931038664015   0.95826435035665
     310.000000      -0.80623836971064  -0.53101103077600   0.96539785767291
     320.000000       0.89204173014626   0.37849835458248   0.96901984125403
     330.000000      -0.94888045027850  -0.19926784934140   0.96957814780547
     340.000000       0.98076863527946   0.02907628325035   0.98119954453494
     350.000000      -0.95660985640989   0.14798155924304   0.96798809871637
     360.000000       0.92264282101590  -0.32524881063135   0.97829267808222
     370.000000      -0.84683907065832   0.47879571131653   0.97282153798554
     380.000000       0.74418243493298  -0.63357153772484   0.97735376905079
     390.000000      -0.62153909314560   0.75889624083975   0.98093544571952
     400.000000       0.46887006414806  -0.85639852312413   0.97634910122527
     410.000000      -0.30321002611781   0.93052657264026   0.97868075608341
     420.000000       0.12917154706417  -0.96637098719249   0.97496572937634
     430.000000       0.04982841437158   0.98262786868028   0.98389044064161
     440.000000      -0.22345082674669  -0.95787589477350   0.98359366699970
     450.000000       0.39610854370131   0.90896499767515   0.99152374928277
     460.000000      -0.54947694252034  -0.82035234491181   0.98737170314113
     470.000000       0.68846147256665   0.70059328312791   0.98224749812488
     480.000000      -0.80597856158708  -0.56156615718701   0.98232275278331
     490.000000       0.89079185838098   0.40635667225539   0.97909952509656
     500.000000      -0.95379197125151  -0.23535067122041   0.98239964518914
     510.000000       0.98380240882671   0.06399282415283   0.98588146404945
     520.000000      -0.97600156969203   0.11576082839091   0.98284262902616
     530.000000       0.93820802817724  -0.29539496332739   0.98361196032552
     540.000000      -0.87238729147613   0.45639813632776   0.98456022932704
     550.000000       0.76625706115034  -0.60517180394166   0.97641323016884
     560.000000      -0.65324927801653   0.73547723976968   0.98369781409148
     570.000000       0.50431990098792  -0.83202100870567   0.97293243417005
     580.000000      -0.34003332334889   0.91447558313878   0.97564760705119
     590.000000       0.16674565635773  -0.96112193623900   0.97547910804588
     600.000000       0.01893755987774   0.97196354009907   0.97214801057042
     610.000000      -0.19232991837988  -0.95905321557148   0.97814818294674
     620.000000       0.36063634363791   0.90057086389745   0.97009610516356
     630.000000      -0.51483680608210  -0.82657625210422   0.97379938254215
     640.000000       0.65097377709176   0.71036031485900   0.96352407099547
     650.000000      -0.77834959113161  -0.57960859895612   0.97045052114913
     660.000000       0.86453956674730   0.42707158610035   0.96427112480146
     670.000000      -0.93161230110625  -0.25211910635760   0.96512461545804
     680.000000       0.96335191337525   0.08522893857881   0.96711471965585
     690.000000      -0.95211785499439   0.09563376552348   0.95690868263765
     700.000000       0.93032362436230  -0.27407314789647   0.96985469862474
     710.000000      -0.85992128066327   0.43255533225761   0.96258439858646
     720.000000       0.76846678624703  -0.59350697511566   0.97097462947071
     730.000000      -0.64819872047437   0.71712320156690   0.96665778197363
     740.000000       0.50113433037808  -0.81955876512139   0.96063113970493
     750.000000      -0.34010480866520   0.89725857162784   0.95955418045925
     760.000000       0.16914850238795  -0.94164655677397   0.95671806387481
     770.000000       0.00918289696582   0.96543731584520   0.96548098708523
     780.000000      -0.18586772320608  -0.94886775570520   0.96690063002712
     790.000000       0.35882250427331   0.90506255058316   0.97359735519416
     800.000000      -0.51469377376210  -0.82132546337403   0.96927044602425
     810.000000       0.65763528089088   0.71141687383694   0.96881274302744
     820.000000      -0.77629533035009  -0.58058794706390   0.96938991339874
     830.000000       0.86919109830840   0.43143973921714   0.97037797478834
     840.000000      -0.93618265890529  -0.26240860375284   0.97226346540353
     850.000000       0.97118144711772   0.09057749819473   0.97539616895131
     860.000000      -0.96694670410850   0.09386291005316   0.97149172640324
     870.000000       0.93664968721920  -0.27303510558767   0.97563354055255
     880.000000      -0.87699524398009   0.43485917333733   0.97888873657803
     890.000000       0.78040954155763  -0.58837834474799   0.97735772832806
     900.000000      -0.67547393626915   0.72104692955568   0.98801503693042
     910.000000       0.52621334097054  -0.82424949963808   0.97789964611355
     920.000000      -0.36574221122050   0.91350159575859   0.98399823705226
     930.000000       0.19187468078058  -0.96022560913411   0.97920841170898
     940.000000      -0.00732356445886   0.97975557306797   0.97978294410248
     950.000000      -0.16493347954179  -0.96997180808566   0.98389448679964
     960.000000       0.33781121298723   0.92058809149570   0.98061146731190
     970.000000      -0.49843538851149  -0.85215482369156   0.98722119105163
     980.000000       0.64286197342028   0.73974265099418   0.98004627776942
     990.000000      -0.77396618847362  -0.61633185655808   0.98938800190254
     1000.00000       0.86100170454896   0.46335124820912   0.97776189046882
