#    time[fs]         Re(autocorrel)     Im(autocorrel)     Abs(autocorrel)
     0.00000000       1.00000000000000   0.00000000000000   1.00000000000000
     10.0000000      -0.93388481589666   0.30969452711224   0.98389610705888
     20.0000000       0.78900865531491  -0.59364900991226   0.98739749094862
     30.0000000      -0.55995256107527   0.80106919631906   0.97737338205315
     40.0000000       0.27397564129763  -0.93771193174845   0.97691674106234
     50.0000000       0.02581626512933   0.97272802337433   0.97307054574833
     60.0000000      -0.33443550892742  -0.91149068372256   0.97090801631492
     70.0000000       0.60404364297025   0.75660655724628   0.96815401929695
     80.0000000      -0.81218595833592  -0.52605542636074   0.96766747518020
     90.0000000       0.93674340751488   0.24441823207901   0.96810561598165
     100.000000      -0.96513171154651   0.05804179740034   0.96687541642042
     110.000000       0.89585167580707  -0.35570807829216   0.96388716248772
     120.000000      -0.74750534118483   0.62134725235108   0.97202707940884
     130.000000       0.51408224675017  -0.82297415252605   0.97034375978293
     140.000000      -0.23334064850297   0.94966106014393   0.97790796468660
     150.000000      -0.07060068298298  -0.96674962677010   0.96932414459653
     160.000000       0.37999747788494   0.89298981076230   0.97047868875324
     170.000000      -0.62955752047408  -0.72918577067185   0.96335588425866
     180.000000       0.83008693168892   0.48949923658017   0.96366685985007
     190.000000      -0.93783359237050  -0.21096272879263   0.96126849522815
     200.000000       0.94960634937695  -0.09916694641323   0.95477028757599
     210.000000      -0.87446996709105   0.39250509823784   0.95851863596224
     220.000000       0.70134194989623  -0.64917080242717   0.95566901247669
     230.000000      -0.46920599593739   0.83419891969729   0.95710088509401
     240.000000       0.18578378878094  -0.93770389640548   0.95593107152546
     250.000000       0.11501200679361   0.95108754627103   0.95801632678078
     260.000000      -0.40515024577999  -0.87190221492887   0.96143652627381
     270.000000       0.65888331398455   0.70792827233409   0.96710374842474
     280.000000      -0.84934737527678  -0.46942440370324   0.97043816633606
     290.000000       0.94903097281588   0.18184492604770   0.96629569205971
     300.000000      -0.96106382328141   0.12947327455614   0.96974584363356
     310.000000       0.87372228213063  -0.42071073702487   0.96973612417995
     320.000000      -0.69456088902679   0.67697364182437   0.96990109820056
     330.000000       0.45312988438827  -0.86079468751139   0.97277653455126
     340.000000      -0.14815776088408   0.95901261277249   0.97038956794006
     350.000000      -0.16241019726773  -0.96172816806742   0.97534513964589
     360.000000       0.45917284920320   0.85850064686987   0.97358259337427
     370.000000      -0.70891388318835  -0.67546807557604   0.97919151083921
     380.000000       0.87785001914822   0.41507691310420   0.97103527222787
     390.000000      -0.97191303357821  -0.12105891687483   0.97942340496545
     400.000000       0.96013091811938  -0.18885893866137   0.97852903822067
     410.000000      -0.85636492801594   0.48142181803152   0.98240921046808
     420.000000       0.66514624517365  -0.72118048387589   0.98108145318932
     430.000000      -0.39999003309225   0.89193328976472   0.97751573898513
     440.000000       0.09955029824642  -0.97277392467132   0.97785447301804
     450.000000       0.20746108789404   0.95455722904985   0.97684164864194
     460.000000      -0.50214357572461  -0.83952964150571   0.97824239818575
     470.000000       0.73675069531815   0.64028531575784   0.97609777821021
     480.000000      -0.90397345658435  -0.36544551190670   0.97504791286470
     490.000000       0.97895524420805   0.06304325169708   0.98098308942967
     500.000000      -0.94183589469377   0.25176631181534   0.97490570225982
     510.000000       0.82029244702411  -0.53431158137680   0.97896300473418
     520.000000      -0.60537547769051   0.76004022310579   0.97166898156096
     530.000000       0.33576178970897  -0.91699259623361   0.97653028676833
     540.000000      -0.03770557636828   0.97226407986557   0.97299493908556
     550.000000      -0.27194770996614  -0.93561877601910   0.97433980263320
     560.000000       0.54234895044246   0.80003388151565   0.96653846049655
     570.000000      -0.76135710489672  -0.58453416595764   0.95986709098110
     580.000000       0.90733540121093   0.31954855085443   0.96196091742013
     590.000000      -0.95498287463221  -0.02307003829146   0.95526149169092
     600.000000       0.91608268030256  -0.27679704710711   0.95698698133128
     610.000000      -0.78475201041012   0.54869774532420   0.95755153050192
     620.000000       0.56493280264905  -0.77087884882200   0.95572133546868
     630.000000      -0.30174013774040   0.91607908931586   0.96449365399953
     640.000000      -0.00313325241041  -0.95930723206993   0.95931234891059
     650.000000       0.30397058436978   0.91657025952115   0.96565995919929
     660.000000      -0.56946648708904  -0.77279813731763   0.95995262433056
     670.000000       0.79391341225932   0.55932116845012   0.97115327093186
     680.000000      -0.92467382126871  -0.28846758238019   0.96862542906118
     690.000000       0.97021342650432  -0.01843333138575   0.97038852047787
     700.000000      -0.91349324008383   0.31614205097256   0.96665179670447
     710.000000       0.76163692076852  -0.58884155554517   0.96271759961819
     720.000000      -0.54300018727754   0.79436077125427   0.96221527647981
     730.000000       0.26859049106634  -0.92295719292837   0.96124441838144
     740.000000       0.03517164451934   0.96041874678497   0.96106254414279
     750.000000      -0.33457343025008  -0.90224268688626   0.96227919351352
     760.000000       0.60741638089635   0.75171353436494   0.96645118734918
     770.000000      -0.81832630770676  -0.52632418353493   0.97297229768308
     780.000000       0.93789361882306   0.24492784386198   0.96934724888860
     790.000000      -0.97619156912756   0.06424213061582   0.97830313859345
     800.000000       0.90544435757687  -0.36397775414473   0.97586335630560
     810.000000      -0.75109149773754   0.63841978502975   0.98575770851211
     820.000000       0.51955486767165  -0.83966295057028   0.98740626445333
     830.000000      -0.22079087546709   0.96167712446126   0.98669726988656
     840.000000      -0.08771109391709  -0.97896473721555   0.98288615449992
     850.000000       0.39887757551873   0.89634232626615   0.98108760368680
     860.000000      -0.65561389498605  -0.72811471901147   0.97978600895294
     870.000000       0.84878049685853   0.47940186349417   0.97480997049122
     880.000000      -0.95711547526153  -0.19067091276134   0.97592286065977
     890.000000       0.96510069157914  -0.12836801764904   0.97360037635658
     900.000000      -0.87798038136980   0.42698845647239   0.97630358599717
     910.000000       0.69861950518148  -0.68109544710732   0.97568448849530
     920.000000      -0.44864532494542   0.86334420400103   0.97295726636762
     930.000000       0.15584536000827  -0.95893095831954   0.97151240808326
     940.000000       0.14770630986829   0.96155841972271   0.97283695885515
     950.000000      -0.44594435917915  -0.87083744270887   0.97837836398166
     960.000000       0.68869878386444   0.69108620697664   0.97565678410480
     970.000000      -0.87266846997050  -0.43441910280336   0.97481804218076
     980.000000       0.96238033784295   0.13974092499505   0.97247284835372
     990.000000      -0.94993992346117   0.17425185603267   0.96578960830827
     1000.00000       0.85309005163687  -0.45804067014448   0.96827882952598
