#    Start: ------ Host: "nia0983" ----------Mon Apr 21 13:40:11 2025

#    Time[fs]   CPU-time[s]     Delta-CPU    Real time        RealT[s]     [h]
#        0.00           0.1                  Apr 21 13:40:11         0     0.00
         5.00           0.1         0.050    Apr 21 13:40:11         0     0.00
        10.00           0.2         0.060    Apr 21 13:40:11         0     0.00
        15.00           0.2         0.050    Apr 21 13:40:11         0     0.00
        20.00           0.3         0.070    Apr 21 13:40:11         0     0.00
        25.00           0.4         0.050    Apr 21 13:40:11         0     0.00
        30.00           0.4         0.060    Apr 21 13:40:11         0     0.00
        35.00           0.5         0.050    Apr 21 13:40:11         0     0.00
        40.00           0.5         0.070    Apr 21 13:40:11         0     0.00
        45.00           0.6         0.050    Apr 21 13:40:11         0     0.00
        50.00           0.7         0.060    Apr 21 13:40:11         0     0.00
        55.00           0.7         0.060    Apr 21 13:40:12         1     0.00
        60.00           0.8         0.070    Apr 21 13:40:12         1     0.00
        65.00           0.8         0.050    Apr 21 13:40:12         1     0.00
        70.00           0.9         0.070    Apr 21 13:40:12         1     0.00
        75.00           1.0         0.060    Apr 21 13:40:12         1     0.00
        80.00           1.0         0.060    Apr 21 13:40:12         1     0.00
        85.00           1.1         0.060    Apr 21 13:40:12         1     0.00
        90.00           1.1         0.060    Apr 21 13:40:12         1     0.00
        95.00           1.2         0.060    Apr 21 13:40:12         1     0.00
       100.00           1.3         0.060    Apr 21 13:40:12         1     0.00
       105.00           1.3         0.060    Apr 21 13:40:12         1     0.00
       110.00           1.4         0.070    Apr 21 13:40:12         1     0.00
       115.00           1.4         0.050    Apr 21 13:40:12         1     0.00
       120.00           1.5         0.070    Apr 21 13:40:12         1     0.00
       125.00           1.6         0.060    Apr 21 13:40:12         1     0.00
       130.00           1.6         0.050    Apr 21 13:40:12         1     0.00
       135.00           1.7         0.070    Apr 21 13:40:12         1     0.00
       140.00           1.8         0.070    Apr 21 13:40:12         1     0.00
       145.00           1.8         0.050    Apr 21 13:40:12         1     0.00
       150.00           1.9         0.070    Apr 21 13:40:12         1     0.00
       155.00           1.9         0.060    Apr 21 13:40:12         1     0.00
       160.00           2.0         0.060    Apr 21 13:40:12         1     0.00
       165.00           2.0         0.050    Apr 21 13:40:12         1     0.00
       170.00           2.1         0.070    Apr 21 13:40:12         1     0.00
       175.00           2.2         0.060    Apr 21 13:40:12         1     0.00
       180.00           2.2         0.060    Apr 21 13:40:12         1     0.00
       185.00           2.3         0.060    Apr 21 13:40:12         1     0.00
       190.00           2.4         0.070    Apr 21 13:40:12         1     0.00
       195.00           2.4         0.060    Apr 21 13:40:12         1     0.00
       200.00           2.5         0.050    Apr 21 13:40:12         1     0.00
       205.00           2.5         0.060    Apr 21 13:40:12         1     0.00
       210.00           2.6         0.070    Apr 21 13:40:12         1     0.00
       215.00           2.7         0.060    Apr 21 13:40:13         2     0.00
       220.00           2.7         0.060    Apr 21 13:40:13         2     0.00
       225.00           2.8         0.060    Apr 21 13:40:13         2     0.00
       230.00           2.9         0.060    Apr 21 13:40:13         2     0.00
       235.00           2.9         0.070    Apr 21 13:40:13         2     0.00
       240.00           3.0         0.060    Apr 21 13:40:13         2     0.00
       245.00           3.0         0.060    Apr 21 13:40:13         2     0.00
       250.00           3.1         0.050    Apr 21 13:40:13         2     0.00
       255.00           3.2         0.070    Apr 21 13:40:13         2     0.00
       260.00           3.2         0.060    Apr 21 13:40:13         2     0.00
       265.00           3.3         0.060    Apr 21 13:40:13         2     0.00
       270.00           3.3         0.060    Apr 21 13:40:13         2     0.00
       275.00           3.4         0.060    Apr 21 13:40:13         2     0.00
       280.00           3.5         0.060    Apr 21 13:40:13         2     0.00
       285.00           3.5         0.070    Apr 21 13:40:13         2     0.00
       290.00           3.6         0.060    Apr 21 13:40:13         2     0.00
       295.00           3.6         0.060    Apr 21 13:40:13         2     0.00
       300.00           3.7         0.060    Apr 21 13:40:13         2     0.00
       305.00           3.8         0.060    Apr 21 13:40:13         2     0.00
       310.00           3.8         0.060    Apr 21 13:40:13         2     0.00
       315.00           3.9         0.060    Apr 21 13:40:13         2     0.00
       320.00           4.0         0.060    Apr 21 13:40:13         2     0.00
       325.00           4.0         0.060    Apr 21 13:40:13         2     0.00
       330.00           4.1         0.060    Apr 21 13:40:13         2     0.00
       335.00           4.1         0.060    Apr 21 13:40:13         2     0.00
       340.00           4.2         0.060    Apr 21 13:40:13         2     0.00
       345.00           4.2         0.060    Apr 21 13:40:13         2     0.00
       350.00           4.3         0.060    Apr 21 13:40:13         2     0.00
       355.00           4.4         0.060    Apr 21 13:40:13         2     0.00
       360.00           4.4         0.060    Apr 21 13:40:13         2     0.00
       365.00           4.5         0.060    Apr 21 13:40:13         2     0.00
       370.00           4.5         0.060    Apr 21 13:40:13         2     0.00
       375.00           4.6         0.060    Apr 21 13:40:13         2     0.00
       380.00           4.7         0.070    Apr 21 13:40:14         3     0.00
       385.00           4.7         0.050    Apr 21 13:40:14         3     0.00
       390.00           4.8         0.070    Apr 21 13:40:14         3     0.00
       395.00           4.8         0.050    Apr 21 13:40:14         3     0.00
       400.00           4.9         0.070    Apr 21 13:40:14         3     0.00
       405.00           5.0         0.060    Apr 21 13:40:14         3     0.00
       410.00           5.0         0.050    Apr 21 13:40:14         3     0.00
       415.00           5.1         0.070    Apr 21 13:40:14         3     0.00
       420.00           5.2         0.050    Apr 21 13:40:14         3     0.00
       425.00           5.2         0.070    Apr 21 13:40:14         3     0.00
       430.00           5.3         0.050    Apr 21 13:40:14         3     0.00
       435.00           5.3         0.070    Apr 21 13:40:14         3     0.00
       440.00           5.4         0.060    Apr 21 13:40:14         3     0.00
       445.00           5.5         0.060    Apr 21 13:40:14         3     0.00
       450.00           5.5         0.060    Apr 21 13:40:14         3     0.00
       455.00           5.6         0.050    Apr 21 13:40:14         3     0.00
       460.00           5.6         0.070    Apr 21 13:40:14         3     0.00
       465.00           5.7         0.060    Apr 21 13:40:14         3     0.00
       470.00           5.8         0.060    Apr 21 13:40:14         3     0.00
       475.00           5.8         0.060    Apr 21 13:40:14         3     0.00
       480.00           5.9         0.060    Apr 21 13:40:14         3     0.00
       485.00           5.9         0.070    Apr 21 13:40:14         3     0.00
       490.00           6.0         0.060    Apr 21 13:40:14         3     0.00
       495.00           6.1         0.060    Apr 21 13:40:14         3     0.00
       500.00           6.1         0.060    Apr 21 13:40:14         3     0.00
