#    time[fs]         Re(autocorrel)     Im(autocorrel)     Abs(autocorrel)
     0.00000000       1.00000000000000   0.00000000000000   1.00000000000000
     10.0000000      -0.93084112247318   0.35455545700934   0.99607969931237
     20.0000000       0.74235663799945  -0.65698875441584   0.99132618315604
     30.0000000      -0.46109854240211   0.86994658534834   0.98459074095006
     40.0000000       0.12723161882477  -0.97402810581411   0.98230272103084
     50.0000000       0.22571100392988   0.95345368735119   0.97980579260311
     60.0000000      -0.54786031807584  -0.80914909218352   0.97717612614286
     70.0000000       0.79575999795185   0.55719995080813   0.97144519120788
     80.0000000      -0.93468808700108  -0.24102420854010   0.96526394788375
     90.0000000       0.95705005623720  -0.10066791784299   0.96232990176263
     100.000000      -0.86314064979098   0.42590571566455   0.96250062854905
     110.000000       0.66264832975255  -0.70365726124048   0.96655902573008
     120.000000      -0.37559805801234   0.89196681701700   0.96782162811237
     130.000000       0.04029808605534  -0.96781899079250   0.96865759413651
     140.000000       0.29600771485898   0.91957593676567   0.96604372092287
     150.000000      -0.59509061541541  -0.76319556060263   0.96778112415931
     160.000000       0.82404603787316   0.51203315947970   0.97017000002124
     170.000000      -0.95670299458049  -0.19387593808843   0.97614983440501
     180.000000       0.96537712176929  -0.15784742025650   0.97819670584049
     190.000000      -0.84759642669985   0.48946314620508   0.97877161485574
     200.000000       0.61786104599040  -0.75674674443233   0.97694314438522
     210.000000      -0.31349211975233   0.92647339094183   0.97807476875240
     220.000000      -0.03512220084195  -0.98194068660080   0.98256861388609
     230.000000       0.38350925222360   0.91088322738102   0.98832565506779
     240.000000      -0.68858924719796  -0.71547284991081   0.99300380176319
     250.000000       0.89802070237297   0.42254305560645   0.99246350851388
     260.000000      -0.98850224821617  -0.07633455883893   0.99144523782282
     270.000000       0.95008104016379  -0.27388500076033   0.98877043671430
     280.000000      -0.79513541246562   0.59009303259579   0.99017680808781
     290.000000       0.53597017350789  -0.83102714082223   0.98887316460366
     300.000000      -0.20739756162063   0.96488093150229   0.98691892298350
     310.000000      -0.14562753198283  -0.96774844337454   0.97864417830243
     320.000000       0.47064139921923   0.84951259611350   0.97117196088774
     330.000000      -0.73191349775778  -0.62776926676408   0.96425703030547
     340.000000       0.90273211359969   0.33433385461359   0.96265486819781
     350.000000      -0.96264751492234   0.00487242567366   0.96265984569738
     360.000000       0.89918145755126  -0.34315047469327   0.96243417535239
     370.000000      -0.71887098358432   0.63767020009150   0.96093640534856
     380.000000       0.45162594384227  -0.84610988828906   0.95909745918334
     390.000000      -0.13070505978014   0.95292815189557   0.96185023539386
     400.000000      -0.20717182864684  -0.94451441118367   0.96696827223984
     410.000000       0.52875412497940   0.82016204727600   0.97583129098973
     420.000000      -0.78659023215844  -0.58492482292547   0.98023529920191
     430.000000       0.94500503827587   0.27184432889950   0.98332795217140
     440.000000      -0.97897593958331   0.07595267233250   0.98191786760272
     450.000000       0.89300939038162  -0.41293020384496   0.98385828479370
     460.000000      -0.69238917765048   0.70166886740821   0.98576973620487
     470.000000       0.40095621480564  -0.90510393264858   0.98993889462289
     480.000000      -0.04898757271343   0.98888591123770   0.99009854445140
     490.000000      -0.30684921091989  -0.93908049378756   0.98794160356493
     500.000000       0.61974148594062   0.76486360478293   0.98442665715503
     510.000000      -0.84817878758416  -0.49673497619793   0.98293076678172
     520.000000       0.97132988209415   0.16408025263844   0.98509089385444
     530.000000      -0.96803138721252   0.19091305908674   0.98667753737402
     540.000000       0.83660467022293  -0.52399398510297   0.98715605182915
     550.000000      -0.59454429941718   0.78126287787961   0.98176097311015
     560.000000       0.28276057710807  -0.93538353527192   0.97718775167533
     570.000000       0.05745228784605   0.97011975704258   0.97181948343460
     580.000000      -0.38886620427841  -0.89054920721437   0.97174832919848
     590.000000       0.67373859540861   0.69793776125732   0.97007258157936
     600.000000      -0.87409463716173  -0.41741057195805   0.96864494026307
     610.000000       0.95919537634535   0.08327060778793   0.96280307650301
     620.000000      -0.92448988249562   0.25377458401025   0.95868820913076
     630.000000       0.77715643071132  -0.55853638233597   0.95704493530290
     640.000000      -0.53718638440334   0.79629425501335   0.96054867245528
     650.000000       0.22329355674154  -0.94039187305489   0.96653861143256
     660.000000       0.12329293397021   0.96327957328856   0.97113782949795
     670.000000      -0.45821803359873  -0.86040970894292   0.97481723084809
     680.000000       0.73140555587334   0.64709997648708   0.97657179292256
     690.000000      -0.91667315329066  -0.35301884486508   0.98229933054732
     700.000000       0.98791625265897   0.01066693175458   0.98797383857104
     710.000000      -0.93508417826277   0.34153590946467   0.99550449415922
     720.000000       0.75318067133617  -0.65238526808812   0.99643748509016
     730.000000      -0.47213542232723   0.87601916222794   0.99514894845277
     740.000000       0.13131564024701  -0.98068699397901   0.98943962803856
     750.000000       0.22032861190970   0.96221819462945   0.98712134578380
     760.000000      -0.54581069481043  -0.82070007667082   0.98562565430134
     770.000000       0.80189409713205   0.57335784581088   0.98578565741652
     780.000000      -0.95157854300658  -0.24597957174579   0.98285689356425
     790.000000       0.97140830060746  -0.10778620357428   0.97736991572793
     800.000000      -0.86578726540461   0.44210407692159   0.97213353186046
     810.000000       0.65558788374436  -0.71327535754633   0.96879162310337
     820.000000      -0.36589212379715   0.89875883752184   0.97038368405513
     830.000000       0.02932224623250  -0.97069894358958   0.97114171633704
     840.000000       0.31324009252254   0.92006808296324   0.97192830643581
     850.000000      -0.61120732758843  -0.75015093311173   0.96762638437890
     860.000000       0.83063629049518   0.49207557613607   0.96545068217762
     870.000000      -0.94706119286183  -0.17614912429204   0.96330338783465
     880.000000       0.95301218071105  -0.16168122942091   0.96662973083322
     890.000000      -0.83780719958621   0.48632387469538   0.96872690412583
     900.000000       0.61442314561713  -0.75141252021397   0.97063720174139
     910.000000      -0.30817864617463   0.91893055066506   0.96923033119255
     920.000000      -0.03289822253840  -0.96868571766373   0.96924419660470
     930.000000       0.37258759520460   0.89830544896360   0.97250922655677
     940.000000      -0.66875956935481  -0.71527197640738   0.97921058094638
     950.000000       0.88740471063246   0.43328667483373   0.98753453764471
     960.000000      -0.98756896072227  -0.08874281653055   0.99154815297485
     970.000000       0.95613684578251  -0.26993308456037   0.99350970705032
     980.000000      -0.79837870038696   0.58807299512799   0.99158378205292
     990.000000       0.54245222349973  -0.83175082762505   0.99300747934482
     1000.00000      -0.21613251842866   0.96947851777556   0.99327834062292
