#    time[fs]         Re(autocorrel)     Im(autocorrel)     Abs(autocorrel)
     0.00000000       1.00000000000000   0.00000000000000   1.00000000000000
     10.0000000      -0.94828481339481   0.27273857303780   0.98672712364560
     20.0000000       0.83605717423220  -0.53134115648802   0.99061345799619
     30.0000000      -0.65376060030920   0.73268776469458   0.98195431820925
     40.0000000       0.41915807761681  -0.88777814550467   0.98175533085751
     50.0000000      -0.16150812236638   0.96723322298539   0.98062479126168
     60.0000000      -0.11955601032734  -0.97326831436645   0.98058393386548
     70.0000000       0.38376713811091   0.90043710080027   0.97880753409004
     80.0000000      -0.62433704284271  -0.75511586537861   0.97979421982990
     90.0000000       0.80895531165446   0.55403723732987   0.98049271114174
     100.000000      -0.93047569248650  -0.30723574875100   0.97988714636881
     110.000000       0.98156351700724   0.04211321597158   0.98246651896087
     120.000000      -0.95441884654773   0.23068918843095   0.98190266131854
     130.000000       0.85316007151202  -0.48478454945047   0.98127374723280
     140.000000      -0.68353120299248   0.70613380789340   0.98277151979205
     150.000000       0.46162549245049  -0.86255706265927   0.97831629937538
     160.000000      -0.19734281010928   0.95384953620553   0.97404985622982
     170.000000      -0.06976082535099  -0.96943423150989   0.97194099716846
     180.000000       0.34034247242312   0.90245568208689   0.96449948505222
     190.000000      -0.57974623294721  -0.77990711078378   0.97178227811974
     200.000000       0.77095896854057   0.58403086218791   0.96719686680690
     210.000000      -0.90918598287177  -0.34851534067884   0.97369507246314
     220.000000       0.96372180404531   0.08394103296996   0.96737056633351
     230.000000      -0.95201576691901   0.18924100273749   0.97064214702407
     240.000000       0.86006091927138  -0.43728105259236   0.96484169883677
     250.000000      -0.70770394368028   0.65987404332559   0.96761491563301
     260.000000       0.50324226261015  -0.82326162468663   0.96488987846212
     270.000000      -0.25079171522009   0.92959211147932   0.96282811453946
     280.000000      -0.01293370807079  -0.96380386588244   0.96389064353504
     290.000000       0.28459611063749   0.91644599025083   0.95961877807638
     300.000000      -0.52837506101419  -0.80324767835786   0.96145048644693
     310.000000       0.72882856294202   0.62455499547357   0.95982290894264
     320.000000      -0.87311041170424  -0.39731831367129   0.95926202541587
     330.000000       0.95221501186235   0.13971408721496   0.96241023216835
     340.000000      -0.95676643220096   0.12790706939897   0.96527831436783
     350.000000       0.88350112843508  -0.39186045056428   0.96650341782246
     360.000000      -0.74675657504180   0.61652357868632   0.96837322631532
     370.000000       0.54110145718585  -0.79444804408508   0.96121718759043
     380.000000      -0.30442748979037   0.91299764720009   0.96241404828326
     390.000000       0.04185423679757  -0.95576300323452   0.95667899291757
     400.000000       0.22483928604500   0.93523164287944   0.96187885432220
     410.000000      -0.47078802162276  -0.83336932025312   0.95715504765038
     420.000000       0.69055223073790   0.67299428624168   0.96425291946202
     430.000000      -0.84581526317153  -0.45238690352829   0.95919621032291
     440.000000       0.94611863945249   0.19524155196066   0.96605369598767
     450.000000      -0.96384438533687   0.06748064923101   0.96620372446293
     460.000000       0.90848068635981  -0.33789377537084   0.96928291067322
     470.000000      -0.78869301534493   0.57133274243269   0.97388796841810
     480.000000       0.59564880245762  -0.76914161890122   0.97281875279786
     490.000000      -0.36211076731078   0.90734398652976   0.97693260652622
     500.000000       0.09555059701778  -0.97047186015511   0.97516436970562
     510.000000       0.17527642690720   0.95774654222748   0.97365305164522
     520.000000      -0.43342270007246  -0.86744870776856   0.96970227263189
     530.000000       0.65431398585124   0.71461458585021   0.96891733310454
     540.000000      -0.82943108056114  -0.50074018521850   0.96886358714397
     550.000000       0.94113327018103   0.25416974709820   0.97485080529361
     560.000000      -0.97504184066795   0.02039918680794   0.97525520653600
     570.000000       0.93572492225129  -0.29040914692814   0.97975435836832
     580.000000      -0.81497107938457   0.53981166759020   0.97753490817451
     590.000000       0.64108202807828  -0.74648457690702   0.98398444616010
     600.000000      -0.40689701181672   0.89202722754364   0.98044773083758
     610.000000       0.14874400637655  -0.97850318406349   0.98974403794887
     620.000000       0.12474329225559   0.97456240956034   0.98251350071682
     630.000000      -0.39946087300249  -0.90400862442722   0.98833222253386
     640.000000       0.62813354639807   0.75500558430100   0.98213297696204
     650.000000      -0.81946353133073  -0.54306105127257   0.98307465870620
     660.000000       0.93596111454997   0.29736183271175   0.98206276148896
     670.000000      -0.97938770289616  -0.02183158492572   0.97963099720486
     680.000000       0.94973207471452  -0.25131674557248   0.98242105043952
     690.000000      -0.84117914035168   0.50930128883875   0.98334640334707
     700.000000       0.67101009000784  -0.72401258638062   0.98714171532252
     710.000000      -0.44199116791185   0.88306945983020   0.98750588018345
     720.000000       0.18382273279050  -0.96916572077811   0.98644462156875
     730.000000       0.09161005607478   0.97900076954394   0.98327763583926
     740.000000      -0.35804820081307  -0.91584807340968   0.98334948399524
     750.000000       0.59743609524718   0.77971094488000   0.98228256905529
     760.000000      -0.79045646597242  -0.58508606928884   0.98343638994775
     770.000000       0.92190025780161   0.33544049033780   0.98103027878488
     780.000000      -0.97906277703164  -0.06678658627278   0.98133805055897
     790.000000       0.95236706113838  -0.21463734139529   0.97625417154683
     800.000000      -0.86029849976652   0.47364949797944   0.98206789767139
     810.000000       0.69249783203044  -0.68852550656001   0.97653500733491
     820.000000      -0.47554667967829   0.86106936361383   0.98365903315497
     830.000000       0.22247716475559  -0.95309449039094   0.97871609593959
     840.000000       0.05643096408113   0.97901773966528   0.98064274243296
     850.000000      -0.32049460210043  -0.92507801390865   0.97902304456672
     860.000000       0.56410342502176   0.79494857640533   0.97475941300925
     870.000000      -0.75593786686805  -0.61085468841915   0.97189789017606
     880.000000       0.89161148677578   0.37145614042117   0.96589373515263
     890.000000      -0.96113062082815  -0.11273107225250   0.96771915602860
     900.000000       0.95116383537949  -0.16191280307477   0.96484630772644
     910.000000      -0.87347050142506   0.42309387215356   0.97054579568078
     920.000000       0.71922089761509  -0.64611343582223   0.96682018572032
     930.000000      -0.51034409555037   0.82305338009968   0.96843583285453
     940.000000       0.26382039638678  -0.93235843800522   0.96896514822217
     950.000000       0.00213151478473   0.96860397425900   0.96860631956724
     960.000000      -0.27095218676529  -0.93242667057659   0.97099669593435
     970.000000       0.51398463176550   0.82486267325039   0.97189435198117
     980.000000      -0.71926436683246  -0.64325758393633   0.96494639679441
     990.000000       0.87168749665484   0.42020344199180   0.96768281192038
     1000.00000      -0.94385694471973  -0.15973414606251   0.95727787476468
