#    Start: ------ Host: "nia0983" ----------Mon Apr 21 13:39:16 2025

#    Time[fs]   CPU-time[s]     Delta-CPU    Real time        RealT[s]     [h]
#        0.00           5.5                  Apr 21 13:39:21         0     0.00
         5.00           5.7         0.140    Apr 21 13:39:21         0     0.00
        10.00           5.8         0.150    Apr 21 13:39:22         1     0.00
        15.00           6.0         0.140    Apr 21 13:39:22         1     0.00
        20.00           6.1         0.160    Apr 21 13:39:22         1     0.00
        25.00           6.3         0.140    Apr 21 13:39:22         1     0.00
        30.00           6.4         0.150    Apr 21 13:39:22         1     0.00
        35.00           6.6         0.150    Apr 21 13:39:22         1     0.00
        40.00           6.7         0.140    Apr 21 13:39:22         1     0.00
        45.00           6.8         0.140    Apr 21 13:39:22         1     0.00
        50.00           7.0         0.140    Apr 21 13:39:22         1     0.00
        55.00           7.1         0.150    Apr 21 13:39:22         1     0.00
        60.00           7.3         0.140    Apr 21 13:39:23         2     0.00
        65.00           7.4         0.140    Apr 21 13:39:23         2     0.00
        70.00           7.6         0.150    Apr 21 13:39:23         2     0.00
        75.00           7.7         0.140    Apr 21 13:39:23         2     0.00
        80.00           7.8         0.140    Apr 21 13:39:23         2     0.00
        85.00           8.0         0.140    Apr 21 13:39:23         2     0.00
        90.00           8.1         0.150    Apr 21 13:39:23         2     0.00
        95.00           8.3         0.140    Apr 21 13:39:23         2     0.00
       100.00           8.4         0.150    Apr 21 13:39:23         2     0.00
       105.00           8.6         0.140    Apr 21 13:39:23         2     0.00
       110.00           8.7         0.140    Apr 21 13:39:24         3     0.00
       115.00           8.8         0.140    Apr 21 13:39:24         3     0.00
       120.00           9.0         0.150    Apr 21 13:39:24         3     0.00
       125.00           9.1         0.140    Apr 21 13:39:24         3     0.00
       130.00           9.3         0.140    Apr 21 13:39:24         3     0.00
       135.00           9.4         0.140    Apr 21 13:39:24         3     0.00
       140.00           9.6         0.140    Apr 21 13:39:24         3     0.00
       145.00           9.7         0.140    Apr 21 13:39:24         3     0.00
       150.00           9.8         0.150    Apr 21 13:39:24         3     0.00
       155.00          10.0         0.150    Apr 21 13:39:24         3     0.00
       160.00          10.1         0.140    Apr 21 13:39:25         4     0.00
       165.00          10.3         0.150    Apr 21 13:39:25         4     0.00
       170.00          10.4         0.140    Apr 21 13:39:25         4     0.00
       175.00          10.6         0.150    Apr 21 13:39:25         4     0.00
       180.00          10.7         0.150    Apr 21 13:39:25         4     0.00
       185.00          10.9         0.140    Apr 21 13:39:25         4     0.00
       190.00          11.0         0.140    Apr 21 13:39:25         4     0.00
       195.00          11.2         0.160    Apr 21 13:39:25         4     0.00
       200.00          11.3         0.140    Apr 21 13:39:25         4     0.00
       205.00          11.4         0.140    Apr 21 13:39:25         4     0.00
       210.00          11.6         0.150    Apr 21 13:39:26         5     0.00
       215.00          11.7         0.150    Apr 21 13:39:26         5     0.00
       220.00          11.9         0.150    Apr 21 13:39:26         5     0.00
       225.00          12.0         0.140    Apr 21 13:39:26         5     0.00
       230.00          12.2         0.150    Apr 21 13:39:26         5     0.00
       235.00          12.3         0.140    Apr 21 13:39:26         5     0.00
       240.00          12.5         0.140    Apr 21 13:39:26         5     0.00
       245.00          12.6         0.160    Apr 21 13:39:26         5     0.00
       250.00          12.8         0.140    Apr 21 13:39:26         5     0.00
       255.00          12.9         0.150    Apr 21 13:39:27         6     0.00
       260.00          13.1         0.140    Apr 21 13:39:27         6     0.00
       265.00          13.2         0.140    Apr 21 13:39:27         6     0.00
       270.00          13.3         0.160    Apr 21 13:39:27         6     0.00
       275.00          13.5         0.130    Apr 21 13:39:27         6     0.00
       280.00          13.6         0.150    Apr 21 13:39:27         6     0.00
       285.00          13.8         0.150    Apr 21 13:39:27         6     0.00
       290.00          13.9         0.150    Apr 21 13:39:27         6     0.00
       295.00          14.1         0.140    Apr 21 13:39:27         6     0.00
       300.00          14.2         0.150    Apr 21 13:39:27         6     0.00
       305.00          14.4         0.150    Apr 21 13:39:28         7     0.00
       310.00          14.5         0.140    Apr 21 13:39:28         7     0.00
       315.00          14.7         0.150    Apr 21 13:39:28         7     0.00
       320.00          14.8         0.140    Apr 21 13:39:28         7     0.00
       325.00          14.9         0.150    Apr 21 13:39:28         7     0.00
       330.00          15.1         0.150    Apr 21 13:39:28         7     0.00
       335.00          15.2         0.140    Apr 21 13:39:28         7     0.00
       340.00          15.4         0.150    Apr 21 13:39:28         7     0.00
       345.00          15.5         0.140    Apr 21 13:39:28         7     0.00
       350.00          15.7         0.150    Apr 21 13:39:28         7     0.00
       355.00          15.8         0.150    Apr 21 13:39:29         8     0.00
       360.00          16.0         0.150    Apr 21 13:39:29         8     0.00
       365.00          16.1         0.140    Apr 21 13:39:29         8     0.00
       370.00          16.3         0.150    Apr 21 13:39:29         8     0.00
       375.00          16.4         0.150    Apr 21 13:39:29         8     0.00
       380.00          16.6         0.140    Apr 21 13:39:29         8     0.00
       385.00          16.7         0.140    Apr 21 13:39:29         8     0.00
       390.00          16.9         0.150    Apr 21 13:39:29         8     0.00
       395.00          17.0         0.150    Apr 21 13:39:29         8     0.00
       400.00          17.1         0.140    Apr 21 13:39:29         8     0.00
       405.00          17.3         0.150    Apr 21 13:39:30         9     0.00
       410.00          17.4         0.140    Apr 21 13:39:30         9     0.00
       415.00          17.6         0.150    Apr 21 13:39:30         9     0.00
       420.00          17.7         0.140    Apr 21 13:39:30         9     0.00
       425.00          17.9         0.160    Apr 21 13:39:30         9     0.00
       430.00          18.0         0.140    Apr 21 13:39:30         9     0.00
       435.00          18.2         0.150    Apr 21 13:39:30         9     0.00
       440.00          18.3         0.140    Apr 21 13:39:30         9     0.00
       445.00          18.5         0.140    Apr 21 13:39:30         9     0.00
       450.00          18.6         0.140    Apr 21 13:39:30         9     0.00
       455.00          18.7         0.150    Apr 21 13:39:31        10     0.00
       460.00          18.9         0.140    Apr 21 13:39:31        10     0.00
       465.00          19.0         0.140    Apr 21 13:39:31        10     0.00
       470.00          19.2         0.150    Apr 21 13:39:31        10     0.00
       475.00          19.3         0.140    Apr 21 13:39:31        10     0.00
       480.00          19.5         0.140    Apr 21 13:39:31        10     0.00
       485.00          19.6         0.140    Apr 21 13:39:31        10     0.00
       490.00          19.7         0.150    Apr 21 13:39:31        10     0.00
       495.00          19.9         0.140    Apr 21 13:39:31        10     0.00
       500.00          20.0         0.140    Apr 21 13:39:31        10     0.00
