#    time[fs]         Re(autocorrel)     Im(autocorrel)     Abs(autocorrel)
     0.00000000       1.00000000000000   0.00000000000000   1.00000000000000
     10.0000000      -0.93084145929418   0.35455454162992   0.99607968824352
     20.0000000       0.74235790168693  -0.65698726839303   0.99132614463029
     30.0000000      -0.46110109139189   0.86994516169314   0.98459067679727
     40.0000000       0.12723547381645  -0.97402753060377   0.98230264998695
     50.0000000       0.22570627574890   0.95345476430118   0.97980575140231
     60.0000000      -0.54785555327341  -0.80915232252338   0.97717612961917
     70.0000000       0.79575624517504   0.55720537623978   0.97144522905082
     80.0000000      -0.93468625243140  -0.24103139943286   0.96526396700427
     90.0000000       0.95705090212579  -0.10065965130006   0.96232987829519
     100.000000      -0.86314469401702   0.42589736656099   0.96250056085871
     110.000000       0.66265579750031  -0.70365014173303   0.96655896246514
     120.000000      -0.37560844754319   0.89196239314988   0.96782158307173
     130.000000       0.04031029823303  -0.96781842002392   0.96865753199014
     140.000000       0.29599519463098   0.91957978637820   0.96604354910118
     150.000000      -0.59507927675090  -0.76320396983427   0.96778078364325
     160.000000       0.82403760463696   0.51204582789024   0.97016952318429
     170.000000      -0.95669922977357  -0.19389192292830   0.97614931953374
     180.000000       0.96537950349411  -0.15783010623879   0.97819626261905
     190.000000      -0.84760530687043   0.48944700935536   0.97877123537720
     200.000000       0.61787574350185  -0.75673426901042   0.97694277637060
     210.000000      -0.31351119648716   0.92646648319917   0.97807434012669
     220.000000      -0.03510070488810  -0.98194104482419   0.98256820373654
     230.000000       0.38348814958264   0.91089181738315   0.98832538358878
     240.000000      -0.68857197547033  -0.71548947588211   0.99300380437396
     250.000000       0.89801030987724   0.42256566125601   0.99246372967406
     260.000000      -0.98850057343221  -0.07636023592296   0.99144554530545
     270.000000       0.95008863640093  -0.27385953473179   0.98877068210060
     280.000000      -0.79515205652458   0.59007093190238   0.99017700320267
     290.000000       0.53599439539233  -0.83101183175250   0.98887342789895
     300.000000      -0.20742648105201   0.96487514134481   0.98691933987879
     310.000000      -0.14559804181570  -0.96775339404175   0.97864468601219
     320.000000       0.47061509882908   0.84952762133519   0.97117235888246
     330.000000      -0.73189359471888  -0.62779274411889   0.96425720819647
     340.000000       0.90272108910674   0.33436352509690   0.96265483514772
     350.000000      -0.96264765178265   0.00483976925565   0.96265981782201
     360.000000       0.89919349258861  -0.34311913902662   0.96243424745802
     370.000000      -0.71889384676724   0.63764463037904   0.96093654190640
     380.000000       0.45165681282465  -0.84609334603371   0.95909740213048
     390.000000      -0.13074081706069   0.95292285687994   0.96184984920200
     400.000000      -0.20713494408667  -0.94452177252364   0.96696756090004
     410.000000       0.52872060140316   0.82018271455029   0.97583049736888
     420.000000      -0.78656533954536  -0.58495713273106   0.98023460483042
     430.000000       0.94499284654295   0.27188446333190   0.98332733177647
     440.000000      -0.97897852326912   0.07590997844655   0.98191714204913
     450.000000       0.89302694243167  -0.41288994256946   0.98385731922056
     460.000000      -0.69242061421219   0.70163636169020   0.98576868028552
     470.000000       0.40099855526253  -0.90508423274685   0.98993803325743
     480.000000      -0.04903522606909   0.98888319215764   0.99009818761956
     490.000000      -0.30680323367567  -0.93909558509100   0.98794166939716
     500.000000       0.61970368556232   0.76489462175888   0.98442696036587
     510.000000      -0.84815393082908  -0.49677799932907   0.98293106116258
     520.000000       0.97132178446788   0.16413054224380   0.98509128707907
     530.000000      -0.96804214464954   0.19086199457428   0.98667821238262
     540.000000       0.83663384035176  -0.52394954513491   0.98715718539087
     550.000000      -0.59458761640615   0.78123161319180   0.98176232716163
     560.000000       0.28281227901875  -0.93536914325496   0.97718893736948
     570.000000       0.05739842188031   0.97012364835914   0.97182018498280
     580.000000      -0.38881590011941  -0.89057143426950   0.97174857021891
     590.000000       0.67369842273878   0.69797665269379   0.97007266351874
     600.000000      -0.87407031891677  -0.41746175882957   0.96864505495890
     610.000000       0.95919056481747   0.08332722922825   0.96280318173847
     620.000000      -0.92450475067354   0.25371944238486   0.95868795207931
     630.000000       0.77718958646594  -0.55848896998937   0.95704419067820
     640.000000      -0.53723494553371   0.79626009025250   0.96054750951295
     650.000000       0.22335287515596  -0.94037663494168   0.96653749145322
     660.000000       0.12323048604055   0.96328668449636   0.97113695698278
     670.000000      -0.45816109475965  -0.86043930739733   0.97481659324499
     680.000000       0.73136169632758   0.64714834860449   0.97657099893284
     690.000000      -0.91664801708668  -0.35308098565641   0.98229820811251
     700.000000       0.98791417855583   0.01073593409331   0.98797251200249
     710.000000      -0.93510760409348   0.34146864134229   0.99550342252229
     720.000000       0.75322771087628  -0.65233016840719   0.99643696892783
     730.000000      -0.47219971135706   0.87598441475366   0.99514886439015
     740.000000       0.13138811635269  -0.98067730311032   0.98943964442225
     750.000000       0.22025673258261   0.96223448418512   0.98712118344354
     760.000000      -0.54574850130010  -0.82074133657583   0.98562557202803
     770.000000       0.80185035406708   0.57341970118381   0.98578605387946
     780.000000      -0.95156064667598  -0.24605370001183   0.98285812180188
     790.000000       0.97141842507441  -0.10771073026870   0.97737165806517
     800.000000      -0.86582343922452   0.44203721905362   0.97213534599830
     810.000000       0.65564501244785  -0.71322471373384   0.96879299885396
     820.000000      -0.36596437096371   0.89873052157559   0.97038470269599
     830.000000       0.02940106413406  -0.97069747383887   0.97114263025025
     840.000000       0.31316486195397   0.92009475406753   0.97192931184590
     850.000000      -0.61114587221584  -0.75020201161132   0.96762716753517
     860.000000       0.83059545332037   0.49214466162528   0.96545076261959
     870.000000      -0.94704552106182  -0.17622850064652   0.96330249838946
     880.000000       0.95302436033902  -0.16159951341695   0.96662807435755
     890.000000      -0.83784794923893   0.48625014162929   0.96872513453424
     900.000000       0.61448839877620  -0.75135717757419   0.97063566827250
     910.000000      -0.30825991834945   0.91890192665190   0.96922903798090
     920.000000      -0.03281124940571  -0.96868716039406   0.96924269035153
     930.000000       0.37250508549466   0.89833771082614   0.97250741972066
     940.000000      -0.66869175466763  -0.71533276063162   0.97920867091408
     950.000000       0.88736237872267   0.43337040937544   0.98753324141246
     960.000000      -0.98755998470778  -0.08883802824351   0.99154773897086
     970.000000       0.95616341053152  -0.26984005447464   0.99351000127736
     980.000000      -0.79843663798510   0.58799494272672   0.99158414547085
     990.000000       0.54253468526455  -0.83169715570938   0.99300757475971
     1000.00000      -0.21622983056395   0.96945682173070   0.99327834408383
