#    time[fs]         Re(autocorrel)     Im(autocorrel)     Abs(autocorrel)
     0.00000000       1.00000000000000   0.00000000000000   1.00000000000000
     10.0000000      -0.96751278890904   0.17476813084434   0.98317083778018
     20.0000000       0.92066746776195  -0.35405240284741   0.98639834253573
     30.0000000      -0.83867800616758   0.50618732700581   0.97959502247128
     40.0000000       0.72629779138552  -0.65219483665719   0.97614885480330
     50.0000000      -0.60318844341998   0.77868118972151   0.98497750913487
     60.0000000       0.44906505233038  -0.87133178317636   0.98024410102677
     70.0000000      -0.28317978507272   0.94363665589519   0.98521110886089
     80.0000000       0.10658576262658  -0.97177371378476   0.97760149120064
     90.0000000       0.07413010719010   0.97781456327279   0.98062051423595
     100.000000      -0.24363808769916  -0.94473796708031   0.97564816620579
     110.000000       0.41408937712915   0.88661739464704   0.97855016056506
     120.000000      -0.56415748864312  -0.79716736119861   0.97660097980315
     130.000000       0.69897059619006   0.67344238005491   0.97061039227505
     140.000000      -0.81517706476993  -0.52859886742905   0.97156081105312
     150.000000       0.89238423554953   0.37073152280486   0.96632887044657
     160.000000      -0.94920307154567  -0.19769815372405   0.96957260224164
     170.000000       0.97018361146359   0.02839431023425   0.97059902988114
     180.000000      -0.95859311458460   0.14449316300636   0.96942201000626
     190.000000       0.91193561468348  -0.32203228895639   0.96712530752671
     200.000000      -0.84021769089141   0.48161036429137   0.96845976224093
     210.000000       0.72747809971016  -0.62844619203891   0.96133709064309
     220.000000      -0.60252410909332   0.75483984067908   0.96582528809051
     230.000000       0.45523340781199  -0.84666691216724   0.96129200337199
     240.000000      -0.28837883433460   0.91805207805886   0.96227956962640
     250.000000       0.11737607600625  -0.95978057147966   0.96693117056409
     260.000000       0.06624713235601   0.96283287217940   0.96510922816779
     270.000000      -0.24148504071174  -0.94200472258834   0.97246486942526
     280.000000       0.40637436997816   0.87424135530854   0.96407368800671
     290.000000      -0.55849751461471  -0.79118026841526   0.96844498602680
     300.000000       0.68579921430302   0.66929056801275   0.95826427814538
     310.000000      -0.80625418085812  -0.53098693203718   0.96539780719942
     320.000000       0.89205302154778   0.37847032506803   0.96901928784190
     330.000000      -0.94888670737052  -0.19923696749108   0.96957792499598
     340.000000       0.98076907009612   0.02904352119885   0.98119900885643
     350.000000      -0.95660457195054   0.14801461868734   0.96798793092778
     360.000000       0.92263121804381  -0.32528078488323   0.97829236607634
     370.000000      -0.84682104132228   0.47882623097030   0.97282086505758
     380.000000       0.74415856083997  -0.63359923624662   0.97735354700523
     390.000000      -0.62150941911356   0.75891991006588   0.98093495601965
     400.000000       0.46883622448724  -0.85641693914998   0.97634900473882
     410.000000      -0.30317228810888   0.93053829903058   0.97868021449291
     420.000000       0.12913194115105  -0.96637627041495   0.97496571952380
     430.000000       0.04986986353593   0.98262470824020   0.98388938429746
     440.000000      -0.22349335627877  -0.95786605953364   0.98359375166136
     450.000000       0.39614890219604   0.90894750197850   0.99152383433989
     460.000000      -0.54951506582724  -0.82032660198705   0.98737153164284
     470.000000       0.68849420183198   0.70056192570243   0.98224807340109
     480.000000      -0.80600441201697  -0.56152735962172   0.98232178424107
     490.000000       0.89081179315444   0.40631340695620   0.97909970661592
     500.000000      -0.95380320729962  -0.23530345727632   0.98239924433055
     510.000000       0.98380645261664   0.06394240417053   0.98588222788589
     520.000000      -0.97599598254502   0.11581071500549   0.98284295777815
     530.000000       0.93819266052579  -0.29544473356265   0.98361225025636
     540.000000      -0.87236335682984   0.45644446224539   0.98456049760993
     550.000000       0.76622374314304  -0.60521389325633   0.97641317132995
     560.000000      -0.65320961829354   0.73551460758539   0.98369941720156
     570.000000       0.50427341119463  -0.83204976910131   0.97293293268314
     580.000000      -0.33998150594620   0.91449682718509   0.97564946129080
     590.000000       0.16669059535033  -0.96113167535968   0.97547929345422
     600.000000       0.01899539950232   0.97196232757870   0.97214792672435
     610.000000      -0.19238739967096  -0.95904234780981   0.97814883143860
     620.000000       0.36069135613179   0.90054946500184   0.97009669275969
     630.000000      -0.51488814869596  -0.82654593200660   0.97380079245409
     640.000000       0.65101884936694   0.71032064142723   0.96352527515818
     650.000000      -0.77838644158002  -0.57956026663986   0.97045121211902
     660.000000       0.86456708066121   0.42701572475356   0.96427105429431
     670.000000      -0.93162966084181  -0.25205846517137   0.96512553319492
     680.000000       0.96335759984176   0.08516578579729   0.96711482060992
     690.000000      -0.95211254667343   0.09569755392582   0.95690977806706
     700.000000       0.93030521999098  -0.27413557494299   0.96985468797742
     710.000000      -0.85989123164633   0.43261492486372   0.96258433577379
     720.000000       0.76842488506265  -0.59356072985999   0.97097432716600
     730.000000      -0.64814728456798   0.71716932245167   0.96665750892374
     740.000000       0.50107649110530  -0.81959473661569   0.96063165793479
     750.000000      -0.34003977796579   0.89728266626144   0.95955366383140
     760.000000       0.16908051469936  -0.94165903615910   0.95671832888844
     770.000000       0.00925516418204   0.96543484172530   0.96547920313241
     780.000000      -0.18594059257805  -0.94885382175031   0.96690096649990
     790.000000       0.35889097644211   0.90503416269395   0.97359620408808
     800.000000      -0.51475867475358  -0.82128418572511   0.96926993503163
     810.000000       0.65768988881952   0.71136602028629   0.96881247136553
     820.000000      -0.77634010744176  -0.58052427571286   0.96938764027330
     830.000000       0.86922606564595   0.43136889163645   0.97037779955541
     840.000000      -0.93620263143554  -0.26233118007814   0.97226180381007
     850.000000       0.97118875808378   0.09049611874615   0.97539589466864
     860.000000      -0.96693694387402   0.09394331734780   0.97148978394152
     870.000000       0.93662530285853  -0.27311475209595   0.97563242349118
     880.000000      -0.87695608259827   0.43493344032207   0.97888664732771
     890.000000       0.78035602983394  -0.58844719417900   0.97735645167734
     900.000000      -0.67541031693548   0.72110724297982   0.98801556268150
     910.000000       0.52613809239809  -0.82429624170230   0.97789855627096
     920.000000      -0.36565953585288   0.91353530386692   0.98399880465953
     930.000000       0.19178649715896  -0.96024108297167   0.97920631019163
     940.000000      -0.00723162209443   0.97975537566102   0.97978206377479
     950.000000      -0.16502455871617  -0.96995572537523   0.98389390391833
     960.000000       0.33789945630988   0.92055565812406   0.98061142267401
     970.000000      -0.49851720054104  -0.85210735896174   0.98722153057560
     980.000000       0.64293362595190   0.73968036943596   0.98004627253440
     990.000000      -0.77402584593747  -0.61625589803556   0.98938735692489
     1000.00000       0.86104812203511   0.46326522581126   0.97776200473640
